40
1906.250000 3975.000000 401919.000000
2441.850000 4501.620000 473381.000000
0.000000 4500.000000 459184.000000
5.727872 129.873821 -125248.195400
0.000000 4500.000000 459184.000000
0.000000 3975.000000 368146.000000
1906.250000 3975.000000 401919.000000
17.716984 173.405714 -321141.714286
2406.250000 1378.120000 181267.000000
2093.750000 2789.060000 282211.000000
0.000000 2925.000000 226963.000000
31.484956 78.517193 -2699.790675
0.000000 0.000000 0.000000
3250.000000 0.000000 127731.000000
0.000000 1350.000000 84867.400000
39.301846 62.864741 0.000000
1906.250000 3975.000000 401919.000000
0.000000 3975.000000 368146.000000
2093.750000 2789.060000 282211.000000
17.716984 103.740437 -44222.238987
68380.500000 4507.280000 497386.000000
43451.200000 2670.700000 459213.000000
56362.300000 -13.348200 430582.000000
0.550353 13.314465 399740.551535
31037.100000 1785.940000 424587.000000
20000.000000 0.000000 339999.000000
32125.000000 0.000000 385623.000000
3.762804 24.109183 264742.917526
10062.500000 3393.750000 418934.000000
15996.100000 4506.680000 490796.000000
7308.580000 4525.240000 483916.000000
0.919416 59.668223 207183.348932
10062.500000 3393.750000 418934.000000
5003.910000 2854.690000 340076.000000
12527.300000 2010.940000 365437.000000
9.635993 55.862914 132387.057514
2406.250000 1378.120000 181267.000000
3250.000000 0.000000 127731.000000
7750.000000 0.000000 224715.000000
21.552000 52.042275 57687.000000
0.000000 1350.000000 84867.400000
2406.250000 1378.120000 181267.000000
0.000000 2925.000000 226963.000000
39.007846 90.219429 -36928.828571
12527.300000 2010.940000 365437.000000
13750.000000 0.000000 296519.000000
20000.000000 0.000000 339999.000000
6.956800 38.501437 200863.000000
2441.850000 4501.620000 473381.000000
4015.620000 3937.500000 419228.000000
7308.580000 4525.240000 483916.000000
1.676103 100.671489 16103.421689
0.000000 3975.000000 368146.000000
0.000000 2925.000000 226963.000000
2093.750000 2789.060000 282211.000000
35.117131 134.460000 -166332.500000
2406.250000 1378.120000 181267.000000
7750.000000 0.000000 224715.000000
2093.750000 2789.060000 282211.000000
28.191604 77.787770 6230.072442
28191.500000 4516.820000 494085.000000
43451.200000 2670.700000 459213.000000
68380.500000 4507.280000 497386.000000
0.086791 19.606746 403078.084318
10062.500000 3393.750000 418934.000000
12527.300000 2010.940000 365437.000000
19128.900000 2868.750000 429020.000000
3.738559 45.350988 227404.838099
10062.500000 3393.750000 418934.000000
19128.900000 2868.750000 429020.000000
15996.100000 4506.680000 490796.000000
3.707009 44.806137 229571.398712
10062.500000 3393.750000 418934.000000
4015.620000 3937.500000 419228.000000
5003.910000 2854.690000 340076.000000
7.107962 79.586195 77314.482633
3250.000000 0.000000 127731.000000
2406.250000 1378.120000 181267.000000
0.000000 1350.000000 84867.400000
39.326817 62.924855 -81.154791
4015.620000 3937.500000 419228.000000
2441.850000 4501.620000 473381.000000
1906.250000 3975.000000 401919.000000
10.429629 125.091890 -115202.740654
5003.910000 2854.690000 340076.000000
4015.620000 3937.500000 419228.000000
1906.250000 3975.000000 401919.000000
9.662080 81.917360 57879.154102
2093.750000 2789.060000 282211.000000
5003.910000 2854.690000 340076.000000
1906.250000 3975.000000 401919.000000
17.544843 103.713222 -43785.913789
56362.300000 -13.348200 430582.000000
109789.000000 27.923700 461884.000000
68380.500000 4507.280000 497386.000000
0.575653 13.247204 398313.675395
43451.200000 2670.700000 459213.000000
31037.100000 1785.940000 424587.000000
56362.300000 -13.348200 430582.000000
1.510982 17.935388 345658.962374
19128.900000 2868.750000 429020.000000
28191.500000 4516.820000 494085.000000
15996.100000 4506.680000 490796.000000
0.237954 38.171022 314965.078697
31037.100000 1785.940000 424587.000000
28191.500000 4516.820000 494085.000000
19128.900000 2868.750000 429020.000000
2.145044 27.684094 308568.924035
7406.250000 1368.750000 283901.000000
7750.000000 0.000000 224715.000000
13750.000000 0.000000 296519.000000
11.967333 46.246408 131968.166667
7406.250000 1368.750000 283901.000000
13750.000000 0.000000 296519.000000
12527.300000 2010.940000 365437.000000
10.800504 40.838502 148012.065755
19128.900000 2868.750000 429020.000000
12527.300000 2010.940000 365437.000000
20000.000000 0.000000 339999.000000
5.386716 32.666969 232264.672187
12527.300000 2010.940000 365437.000000
5003.910000 2854.690000 340076.000000
7406.250000 1368.750000 283901.000000
9.296274 52.833769 142734.252577
56362.300000 -13.348200 430582.000000
31037.100000 1785.940000 424587.000000
32125.000000 0.000000 385623.000000
1.867593 22.954721 325626.584968
7308.580000 4525.240000 483916.000000
4015.620000 3937.500000 419228.000000
10062.500000 3393.750000 418934.000000
6.548983 73.369960 104035.555056
20000.000000 0.000000 339999.000000
31037.100000 1785.940000 424587.000000
19128.900000 2868.750000 429020.000000
2.518954 31.796169 289619.916349
5003.910000 2854.690000 340076.000000
2093.750000 2789.060000 282211.000000
7406.250000 1368.750000 283901.000000
18.361749 67.490050 55532.289409
7406.250000 1368.750000 283901.000000
2093.750000 2789.060000 282211.000000
7750.000000 0.000000 224715.000000
12.733663 46.438865 126029.111976
217000.000000 4499.530000 499099.000000
153019.000000 4508.510000 498357.000000
214113.000000 382.707000 479927.000000
0.012250 4.648399 475525.223384
109789.000000 27.923700 461884.000000
153019.000000 4508.510000 498357.000000
68380.500000 4507.280000 497386.000000
0.011356 8.030667 460413.032370
153019.000000 4508.510000 498357.000000
109789.000000 27.923700 461884.000000
214113.000000 382.707000 479927.000000
0.150197 6.691089 445207.221918
28191.500000 4516.820000 494085.000000
31037.100000 1785.940000 424587.000000
43451.200000 2670.700000 459213.000000
0.908051 26.395137 349263.592488
