40
5063.370000 3451.050000 38592.900000
3558.710000 2269.770000 27226.900000
8794.920000 1842.320000 32654.300000
1.650365 7.519608 4285.950519
17920.200000 2825.790000 42406.700000
24602.200000 180.537000 36561.600000
26784.700000 3210.810000 45574.900000
0.235582 2.804745 30259.402784
-0.059604 0.225231 -1.207920
1265.000000 0.000000 5925.490000
0.000000 1723.910000 11371.700000
4.686091 6.597859 -2.414654
1951.410000 1714.110000 18994.600000
0.000000 3067.970000 24504.100000
0.000000 1723.910000 11371.700000
3.955423 9.770695 -5472.098405
8794.920000 1842.320000 32654.300000
3558.710000 2269.770000 27226.900000
6815.700000 227.532000 22021.000000
1.430895 4.831126 11169.215472
8794.920000 1842.320000 32654.300000
6815.700000 227.532000 22021.000000
14590.300000 25.142900 30773.400000
1.257079 5.044170 12305.417948
35814.200000 22.371900 39732.600000
33116.200000 1606.620000 42446.500000
24602.200000 180.537000 36561.600000
0.314544 2.248726 28417.141399
63823.400000 3706.850000 48631.800000
57705.300000 10.625300 43061.300000
63940.000000 0.000000 43591.500000
0.087362 1.362474 38005.565181
11338.100000 3461.430000 42898.600000
8794.920000 1842.320000 32654.300000
13536.500000 1588.570000 35427.700000
0.851902 4.989012 15970.532259
35814.200000 22.371900 39732.600000
57705.300000 10.625300 43061.300000
46067.400000 1423.170000 43966.400000
0.153078 1.901960 34207.690354
40457.400000 4561.570000 49640.500000
35814.200000 22.371900 39732.600000
46067.400000 1423.170000 43966.400000
0.133353 2.046333 34910.871330
0.000000 3941.880000 36157.400000
6256.980000 4678.420000 49853.200000
0.000000 4675.000000 49470.900000
0.051174 18.160056 -35427.360176
0.000000 3941.880000 36157.400000
2192.190000 4261.290000 44106.200000
6256.980000 4678.420000 49853.200000
-3.855194 51.345039 -166238.580655
11338.100000 3461.430000 42898.600000
11547.100000 4663.550000 49630.800000
6256.980000 4678.420000 49853.200000
-0.026286 5.604843 23795.861639
8794.920000 1842.320000 32654.300000
11338.100000 3461.430000 42898.600000
5063.370000 3451.050000 38592.900000
0.677491 5.262965 16999.758633
5063.370000 3451.050000 38592.900000
2192.190000 4261.290000 44106.200000
0.000000 3941.880000 36157.400000
1.737445 12.961367 -14934.752114
26784.700000 3210.810000 45574.900000
40457.400000 4561.570000 49640.500000
21082.500000 4680.330000 49879.300000
0.005766 2.951494 35943.766540
1951.410000 1714.110000 18994.600000
0.000000 1723.910000 11371.700000
1265.000000 0.000000 5925.490000
3.936728 6.047979 945.529207
57705.300000 10.625300 43061.300000
63823.400000 3706.850000 48631.800000
46067.400000 1423.170000 43966.400000
0.087558 1.362149 37994.240898
26784.700000 3210.810000 45574.900000
33116.200000 1606.620000 42446.500000
40457.400000 4561.570000 49640.500000
0.075322 2.247430 36341.339820
3558.710000 2269.770000 27226.900000
2355.700000 3295.740000 33380.400000
0.000000 3067.970000 24504.100000
2.863455 9.355308 -4197.704106
1951.410000 1714.110000 18994.600000
6815.700000 227.532000 22021.000000
3558.710000 2269.770000 27226.900000
2.733478 6.908505 1818.524760
5063.370000 3451.050000 38592.900000
2355.700000 3295.740000 33380.400000
3558.710000 2269.770000 27226.900000
1.481425 7.734796 4398.731872
14590.300000 25.142900 30773.400000
13536.500000 1588.570000 35427.700000
8794.920000 1842.320000 32654.300000
0.772077 3.497390 19420.637055
63823.400000 3706.850000 48631.800000
40457.400000 4561.570000 49640.500000
46067.400000 1423.170000 43966.400000
0.024572 1.851882 40198.905863
2355.700000 3295.740000 33380.400000
5063.370000 3451.050000 38592.900000
0.000000 3941.880000 36157.400000
1.388254 9.359132 -735.175062
13536.500000 1588.570000 35427.700000
17920.200000 2825.790000 42406.700000
11338.100000 3461.430000 42898.600000
0.350188 4.400091 23697.525834
40457.400000 4561.570000 49640.500000
33116.200000 1606.620000 42446.500000
35814.200000 22.371900 39732.600000
0.172305 2.006490 33516.759191
1951.410000 1714.110000 18994.600000
1265.000000 0.000000 5925.490000
3370.940000 373.535000 14947.100000
3.155668 6.360752 1933.570509
0.000000 3067.970000 24504.100000
2355.700000 3295.740000 33380.400000
0.000000 3941.880000 36157.400000
2.478695 13.334668 -16406.262395
0.000000 3067.970000 24504.100000
1951.410000 1714.110000 18994.600000
3558.710000 2269.770000 27226.900000
2.479458 7.643285 1054.730021
6815.700000 227.532000 22021.000000
1951.410000 1714.110000 18994.600000
3370.940000 373.535000 14947.100000
2.283999 5.437745 5216.689795
5063.370000 3451.050000 38592.900000
11338.100000 3461.430000 42898.600000
6256.980000 4678.420000 49853.200000
0.672101 8.520717 5784.379741
2192.190000 4261.290000 44106.200000
5063.370000 3451.050000 38592.900000
6256.980000 4678.420000 49853.200000
0.524745 8.664021 6035.953734
26784.700000 3210.810000 45574.900000
24602.200000 180.537000 36561.600000
33116.200000 1606.620000 42446.500000
0.219468 2.816351 30653.749612
24602.200000 180.537000 36561.600000
17920.200000 2825.790000 42406.700000
13536.500000 1588.570000 35427.700000
0.565347 3.637743 21996.070076
17920.200000 2825.790000 42406.700000
21082.500000 4680.330000 49879.300000
11547.100000 4663.550000 49630.800000
0.019027 3.996910 30771.299387
21082.500000 4680.330000 49879.300000
17920.200000 2825.790000 42406.700000
26784.700000 3210.810000 45574.900000
0.196981 3.693469 28439.788168
11547.100000 4663.550000 49630.800000
11338.100000 3461.430000 42898.600000
17920.200000 2825.790000 42406.700000
0.458395 5.520577 18592.186434
24602.200000 180.537000 36561.600000
13536.500000 1588.570000 35427.700000
14590.300000 25.142900 30773.400000
0.526419 3.331809 23009.014397
