39
115.871000 4.706030 61.883000
0.602733 71.565700 43.521800
-0.000215 0.000367 -0.000544
0.509549 0.603855 -0.000656
96.642900 192.677000 181.572000
0.602733 71.565700 43.521800
105.600000 75.320300 97.721400
0.489315 0.751840 -10.579071
0.803610 370.094000 352.182000
-0.582548 240.018000 178.335000
45.770900 291.272000 258.438000
0.253276 1.333804 -141.654480
-0.582548 240.018000 178.335000
0.602733 71.565700 43.521800
96.642900 192.677000 181.572000
0.424432 0.803291 -14.222125
50.835400 415.560000 440.972000
184.617000 366.054000 387.129000
230.270000 419.151000 461.217000
0.086389 1.321056 -112.397585
616.888000 141.355000 276.129000
492.712000 65.253300 211.185000
616.886000 0.413257 204.132000
0.209939 0.510825 74.412686
0.803610 370.094000 352.182000
50.835400 415.560000 440.972000
5.277330 445.599000 494.957000
0.059504 1.887409 -346.384470
115.871000 4.706030 61.883000
432.936000 0.099363 164.798000
292.572000 62.959200 159.075000
0.334103 0.654997 20.087719
292.572000 62.959200 159.075000
492.712000 65.253300 211.185000
230.855000 143.094000 190.703000
0.253605 0.590002 47.731237
616.888000 141.355000 276.129000
598.450000 250.521000 341.407000
492.712000 65.253300 211.185000
0.141849 0.621928 100.711552
617.000000 447.000000 500.000000
598.841000 444.659000 498.276000
616.319000 384.815000 444.176000
-0.020820 0.897936 111.468306
45.770900 291.272000 258.438000
184.617000 366.054000 387.129000
0.803610 370.094000 352.182000
0.219008 1.314255 -134.391818
230.270000 419.151000 461.217000
5.277330 445.599000 494.957000
50.835400 415.560000 440.972000
0.074596 1.910298 -356.663724
105.600000 75.320300 97.721400
115.871000 4.706030 61.883000
292.572000 62.959200 159.075000
0.365209 0.560644 16.927512
96.642900 192.677000 181.572000
235.817000 220.733000 250.947000
145.580000 300.549000 301.838000
0.301278 0.978218 -36.024484
96.642900 192.677000 181.572000
145.580000 300.549000 301.838000
45.770900 291.272000 258.438000
0.345784 0.958027 -36.435417
-0.582548 240.018000 178.335000
96.642900 192.677000 181.572000
45.770900 291.272000 258.438000
0.551446 1.064143 -76.757188
292.572000 62.959200 159.075000
432.936000 0.099363 164.798000
492.712000 65.253300 211.185000
0.254887 0.478112 54.400562
616.319000 384.815000 444.176000
441.541000 357.234000 407.474000
598.450000 250.521000 341.407000
0.091144 0.753126 98.187724
184.617000 366.054000 387.129000
50.835400 415.560000 440.972000
0.803610 370.094000 352.182000
0.227541 1.702497 -278.084671
416.714000 166.129000 254.796000
230.855000 143.094000 190.703000
492.712000 65.253300 211.185000
0.266392 0.633019 38.623734
230.855000 143.094000 190.703000
416.714000 166.129000 254.796000
235.817000 220.733000 250.947000
0.250663 0.759930 24.094717
432.936000 0.099363 164.798000
616.886000 0.413257 204.132000
492.712000 65.253300 211.185000
0.212948 0.516589 72.553671
184.617000 366.054000 387.129000
441.541000 357.234000 407.474000
230.270000 419.151000 461.217000
0.123444 1.289196 -107.576025
235.817000 220.733000 250.947000
345.221000 277.725000 322.502000
145.580000 300.549000 301.838000
0.202584 0.866638 11.878460
105.600000 75.320300 97.721400
230.855000 143.094000 190.703000
96.642900 192.677000 181.572000
0.341628 0.740568 5.865724
145.580000 300.549000 301.838000
184.617000 366.054000 387.129000
45.770900 291.272000 258.438000
0.332209 1.104077 -78.354195
441.541000 357.234000 407.474000
616.319000 384.815000 444.176000
598.841000 444.659000 498.276000
0.064366 0.922816 49.392422
184.617000 366.054000 387.129000
145.580000 300.549000 301.838000
345.221000 277.725000 322.502000
0.236266 1.161253 -81.571052
416.714000 166.129000 254.796000
345.221000 277.725000 322.502000
235.817000 220.733000 250.947000
0.253418 0.769056 21.430618
492.712000 65.253300 211.185000
598.450000 250.521000 341.407000
416.714000 166.129000 254.796000
0.204334 0.586266 72.251383
96.642900 192.677000 181.572000
230.855000 143.094000 190.703000
235.817000 220.733000 250.947000
0.346518 0.753804 2.842862
598.841000 444.659000 498.276000
5.277330 445.599000 494.957000
230.270000 419.151000 461.217000
0.007716 1.341350 -102.787814
345.221000 277.725000 322.502000
441.541000 357.234000 407.474000
184.617000 366.054000 387.129000
0.111248 0.933939 24.718515
441.541000 357.234000 407.474000
345.221000 277.725000 322.502000
598.450000 250.521000 341.407000
0.167647 0.865615 24.223603
105.600000 75.320300 97.721400
0.602733 71.565700 43.521800
115.871000 4.706030 61.883000
0.495474 0.579591 1.744302
230.855000 143.094000 190.703000
105.600000 75.320300 97.721400
292.572000 62.959200 159.075000
0.373241 0.682142 6.928000
416.714000 166.129000 254.796000
598.450000 250.521000 341.407000
345.221000 277.725000 322.502000
0.150168 0.702910 75.444965
441.541000 357.234000 407.474000
598.841000 444.659000 498.276000
230.270000 419.151000 461.217000
0.032744 0.979713 43.029554
