39
1158.810000 1600.500000 1538.700000
1.385320 733.061000 416.437000
1344.800000 552.881000 935.877000
0.475146 0.659778 -67.878414
0.415501 4043.760000 3748.700000
3510.000000 4658.530000 4948.420000
0.000000 4700.000000 5000.000000
0.007833 1.906777 -3961.851300
6716.210000 2422.720000 3326.520000
5013.970000 76.100900 1787.900000
6750.000000 485.242000 2311.090000
0.177126 0.527188 859.676976
6748.080000 4062.430000 4469.080000
5246.340000 3426.060000 3862.390000
6716.210000 2422.720000 3326.520000
0.109619 0.694676 907.291054
1158.810000 1600.500000 1538.700000
3.570590 1877.800000 1230.150000
1.385320 733.061000 416.437000
0.437512 0.709993 -104.637427
988.836000 2605.560000 2313.550000
0.225456 3061.300000 2414.420000
3.570590 1877.800000 1230.150000
0.359727 1.001667 -652.065429
1158.810000 1600.500000 1538.700000
988.836000 2605.560000 2313.550000
3.570590 1877.800000 1230.150000
0.471275 0.850650 -368.883645
2726.510000 1096.540000 1729.140000
1344.800000 552.881000 935.877000
5013.970000 76.100900 1787.900000
0.317093 0.653226 148.293851
5013.970000 76.100900 1787.900000
4894.910000 1263.760000 2362.720000
2726.510000 1096.540000 1729.140000
0.252909 0.509348 481.062314
2726.510000 1096.540000 1729.140000
4113.270000 2213.360000 2806.190000
3251.530000 2760.090000 3048.320000
0.185076 0.734581 419.031973
5013.970000 76.100900 1787.900000
6750.000000 0.004215 2089.780000
6750.000000 485.242000 2311.090000
0.193883 0.456086 781.068205
988.836000 2605.560000 2313.550000
1158.810000 1600.500000 1538.700000
3251.530000 2760.090000 3048.320000
0.268974 0.816437 -79.697885
6750.000000 4700.000000 5000.000000
3510.000000 4658.530000 4948.420000
6748.080000 4062.430000 4469.080000
0.005262 0.832708 1050.754700
3510.000000 4658.530000 4948.420000
5323.410000 4161.060000 4489.830000
6748.080000 4062.430000 4469.080000
0.065880 1.161996 -696.010618
0.415501 4043.760000 3748.700000
0.225456 3061.300000 2414.420000
931.432000 3364.610000 3085.600000
0.278424 1.358047 -1743.032774
1508.440000 4046.420000 4044.820000
0.415501 4043.760000 3748.700000
931.432000 3364.610000 3085.600000
0.194171 1.242548 -1275.946889
4894.910000 1263.760000 2362.720000
6716.210000 2422.720000 3326.520000
4113.270000 2213.360000 2806.190000
0.152258 0.592335 868.861180
4113.270000 2213.360000 2806.190000
6716.210000 2422.720000 3326.520000
5246.340000 3426.060000 3862.390000
0.140400 0.739769 591.313971
655.088000 4537.900000 4705.770000
0.415501 4043.760000 3748.700000
1508.440000 4046.420000 4044.820000
0.193398 1.680611 -3047.369905
3510.000000 4658.530000 4948.420000
0.415501 4043.760000 3748.700000
655.088000 4537.900000 4705.770000
0.003343 1.932411 -4065.507877
5323.410000 4161.060000 4489.830000
3510.000000 4658.530000 4948.420000
3636.590000 4083.710000 4310.040000
0.055103 1.122709 -475.163303
2589.850000 3485.830000 3573.850000
3636.590000 4083.710000 4310.040000
2460.020000 4368.980000 4553.250000
0.064470 1.118463 -491.888586
3251.530000 2760.090000 3048.320000
5246.340000 3426.060000 3862.390000
2589.850000 3485.830000 3573.850000
0.127526 0.840399 314.089564
3251.530000 2760.090000 3048.320000
2589.850000 3485.830000 3573.850000
931.432000 3364.610000 3085.600000
0.226391 0.930537 -256.162571
655.088000 4537.900000 4705.770000
2460.020000 4368.980000 4553.250000
3510.000000 4658.530000 4948.420000
0.032272 1.247746 -977.516645
2726.510000 1096.540000 1729.140000
3251.530000 2760.090000 3048.320000
1158.810000 1600.500000 1538.700000
0.341726 0.685141 46.135637
5246.340000 3426.060000 3862.390000
3636.590000 4083.710000 4310.040000
2589.850000 3485.830000 3573.850000
0.131155 1.001714 -257.626133
4894.910000 1263.760000 2362.720000
5013.970000 76.100900 1787.900000
6716.210000 2422.720000 3326.520000
0.207935 0.504839 706.902292
5246.340000 3426.060000 3862.390000
6748.080000 4062.430000 4469.080000
5323.410000 4161.060000 4489.830000
0.044213 0.849024 721.626070
3251.530000 2760.090000 3048.320000
4113.270000 2213.360000 2806.190000
5246.340000 3426.060000 3862.390000
0.170515 0.711631 529.720410
931.432000 3364.610000 3085.600000
0.225456 3061.300000 2414.420000
988.836000 2605.560000 2313.550000
0.380105 1.045873 -787.395321
1508.440000 4046.420000 4044.820000
2460.020000 4368.980000 4553.250000
655.088000 4537.900000 4705.770000
0.049381 1.430555 -1818.296731
931.432000 3364.610000 3085.600000
988.836000 2605.560000 2313.550000
3251.530000 2760.090000 3048.320000
0.253956 1.036332 -637.797460
3510.000000 4658.530000 4948.420000
2460.020000 4368.980000 4553.250000
3636.590000 4083.710000 4310.040000
0.066086 1.125128 -524.983740
2589.850000 3485.830000 3573.850000
1508.440000 4046.420000 4044.820000
931.432000 3364.610000 3085.600000
0.204205 1.234056 -1256.721489
3636.590000 4083.710000 4310.040000
5246.340000 3426.060000 3862.390000
5323.410000 4161.060000 4489.830000
0.067766 0.846554 606.521347
4894.910000 1263.760000 2362.720000
4113.270000 2213.360000 2806.190000
2726.510000 1096.540000 1729.140000
0.240883 0.665284 342.858679
2726.510000 1096.540000 1729.140000
1158.810000 1600.500000 1538.700000
1344.800000 552.881000 935.877000
0.325004 0.633122 148.771232
2589.850000 3485.830000 3573.850000
2460.020000 4368.980000 4553.250000
1508.440000 4046.420000 4044.820000
0.150867 1.131164 -759.916245
